#  HAP	SAD  SUR  ANG  DIS  FEA  PIC
39 1.55 1.90 2.10 4.32 3.90 1.81 KA-AN1
40 1.67 1.97 1.70 4.60 4.10 1.77 KA-AN2
41 1.30 1.70 1.70 4.30 4.43 1.73 KA-AN3
29 4.39 1.35 2.29 1.16 1.23 1.26 KA-HA1
30 4.77 1.29 2.45 1.26 1.23 1.23 KA-HA2
31 4.61 1.48 2.19 1.29 1.32 1.39 KA-HA3
32 4.03 1.68 1.42 1.19 1.13 1.29 KA-HA4
33 1.39 3.97 1.68 2.19 3.68 3.61 KA-SA1
34 1.26 4.13 1.77 2.40 3.10 2.74 KA-SA2
35 1.68 3.71 1.74 2.42 3.16 3.03 KA-SA3
36 2.87 1.55 4.68 1.52 1.52 1.65 KA-SU1
37 3.00 1.94 4.35 1.68 1.55 1.58 KA-SU2
38 2.94 1.97 4.74 1.68 1.71 2.03 KA-SU3
167 1.39 3.00 1.87 3.84 3.81 2.29 KL-AN1
168 1.68 3.32 2.10 4.10 3.90 2.71 KL-AN2
169 1.39 3.10 1.84 3.52 3.94 2.35 KL-AN3
158 4.42 1.55 1.42 1.42 1.45 1.45 KL-HA1
159 4.48 1.68 1.58 1.65 1.55 1.58 KL-HA2
160 4.29 1.45 1.48 1.45 1.42 1.32 KL-HA3
161 1.19 4.35 1.83 2.87 3.77 3.42 KL-SA1
162 1.26 4.26 1.90 2.87 3.61 3.35 KL-SA2
163 1.39 4.42 1.94 2.77 3.68 3.81 KL-SA3
164 1.77 2.55 4.71 2.42 2.58 2.87 KL-SU1
165 1.84 1.80 4.84 2.16 1.90 2.19 KL-SU2
166 1.77 1.77 4.81 2.00 2.00 2.52 KL-SU3
17 1.39 2.03 1.57 4.58 3.77 1.68 KM-AN1
18 1.45 2.84 1.68 4.06 3.87 1.90 KM-AN2
19 1.42 2.13 1.55 4.16 3.58 1.77 KM-AN3
4 4.90 1.13 1.26 1.10 1.03 1.10 KM-HA1
5 4.87 1.20 1.43 1.03 1.07 1.07 KM-HA2
6 4.61 1.32 1.39 1.23 1.10 1.19 KM-HA3
7 5.00 1.13 1.26 1.10 1.10 1.06 KM-HA4
9 1.42 4.00 1.55 2.39 3.26 3.03 KM-SA1
10 1.23 4.39 1.45 2.61 3.19 2.71 KM-SA2
11 1.32 4.00 1.87 2.60 3.77 3.19 KM-SA3
13 1.35 4.13 1.61 2.10 3.81 3.10 KM-SA5
14 2.13 1.55 4.97 1.65 1.45 2.10 KM-SU1
15 2.16 1.90 4.97 1.74 1.81 3.10 KM-SU2
16 2.16 1.84 4.94 1.71 1.65 2.32 KM-SU3
125 1.26 1.87 1.48 4.68 4.00 1.55 MK-AN1
126 1.26 3.32 1.52 4.13 4.52 2.74 MK-AN2
127 1.26 3.03 2.03 4.35 4.61 2.97 MK-AN3
116 4.52 1.32 1.58 1.10 1.26 1.23 MK-HA1
117 4.32 1.61 1.42 1.48 1.52 1.48 MK-HA2
118 4.65 1.32 1.45 1.19 1.29 1.29 MK-HA3
119 1.65 4.23 1.74 2.13 2.74 2.68 MK-SA1
120 1.39 4.52 1.61 1.77 2.71 2.61 MK-SA2
121 1.26 4.84 1.65 2.13 2.52 2.23 MK-SA3
122 1.84 2.35 4.94 2.00 2.52 3.29 MK-SU1
123 2.32 1.65 4.97 1.81 1.90 2.26 MK-SU2
124 1.97 2.23 4.90 2.13 2.39 3.03 MK-SU3
211 1.19 2.55 1.61 4.45 3.65 1.71 NA-AN1
212 1.45 2.39 1.67 4.52 3.32 1.71 NA-AN2
213 1.32 2.61 1.61 4.48 3.23 1.94 NA-AN3
202 4.77 1.35 1.42 1.13 1.13 1.16 NA-HA1
203 4.65 1.47 1.29 1.23 1.32 1.10 NA-HA2
204 4.48 1.42 1.48 1.32 1.55 1.35 NA-HA3
205 1.52 4.03 1.77 2.65 3.03 2.94 NA-SA1
206 1.29 3.74 1.39 3.00 3.23 2.29 NA-SA2
207 1.71 3.16 1.84 3.48 3.19 2.58 NA-SA3
208 4.32 1.48 3.32 1.35 1.39 1.39 NA-SU1
209 2.68 1.45 4.52 1.90 2.03 2.00 NA-SU2
210 2.39 1.55 4.48 1.97 1.84 1.81 NA-SU3
104 2.55 2.16 1.81 2.16 1.94 1.94 NM-AN1
105 2.03 2.29 1.61 2.71 2.35 1.87 NM-AN2
106 1.68 3.00 1.84 3.17 3.65 2.58 NM-AN3
95 4.29 1.55 1.45 1.39 1.26 1.23 NM-HA1
96 4.39 1.42 2.10 1.32 1.26 1.23 NM-HA2
97 4.19 1.45 1.84 1.42 1.35 1.39 NM-HA3
98 2.00 3.77 1.67 1.77 1.77 2.29 NM-SA1
99 2.48 2.68 1.81 1.97 1.90 1.84 NM-SA2
100 2.03 3.48 1.94 1.87 2.16 2.77 NM-SA3
101 2.68 1.65 4.94 1.48 1.45 1.77 NM-SU1
102 2.90 1.53 4.80 1.43 1.37 1.57 NM-SU2
103 2.65 1.77 4.94 1.65 1.52 1.90 NM-SU3
190 1.42 3.19 1.77 4.06 4.00 2.58 TM-AN1
191 1.39 2.58 1.74 4.13 3.48 1.94 TM-AN2
192 1.55 2.16 1.77 4.16 3.32 1.94 TM-AN3
180 4.32 1.52 1.26 1.13 1.13 1.26 TM-HA1
181 4.35 1.65 1.13 1.13 1.26 1.55 TM-HA2
182 4.61 1.68 1.52 1.29 1.32 1.45 TM-HA3
184 1.68 4.10 1.45 1.74 2.23 2.29 TM-SA1
185 1.48 4.23 1.45 1.84 2.52 2.48 TM-SA2
186 1.61 3.87 1.55 2.35 3.03 2.48 TM-SA3
187 1.65 2.77 4.61 2.10 2.87 3.74 TM-SU1
188 2.03 2.03 4.58 1.87 1.94 2.81 TM-SU2
189 1.77 2.52 4.77 2.03 2.13 3.32 TM-SU3
61 1.19 2.16 1.55 4.74 2.84 1.39 YM-AN1
62 1.68 2.26 1.45 4.13 2.90 1.61 YM-AN2
63 1.55 2.32 1.68 4.77 3.16 1.87 YM-AN3
52 4.90 1.39 1.29 1.32 1.29 1.35 YM-HA1
53 4.84 1.42 1.35 1.23 1.23 1.23 YM-HA2
54 4.87 1.32 1.32 1.19 1.13 1.16 YM-HA3
55 1.45 4.61 1.52 1.55 2.13 2.39 YM-SA1
56 1.65 4.26 1.77 1.94 2.61 2.77 YM-SA2
57 1.55 4.32 1.35 1.71 2.74 2.55 YM-SA3
58 2.48 1.55 4.87 1.65 1.58 1.81 YM-SU1
59 2.74 1.48 4.45 1.39 1.42 1.68 YM-SU2
60 2.35 1.81 4.87 1.81 1.71 2.29 YM-SU3