1.9
1.97
1.7
1.35
1.29
1.48
1.68
3.97
4.13
3.71
1.55
1.94
1.97
3.0
3.32
3.1
1.55
1.68
1.45
4.35
4.26
4.42
2.55
1.8
1.77
2.03
2.84
2.13
1.13
1.2
1.32
1.13
4.0
4.39
4.0
4.13
1.55
1.9
1.84
1.87
3.32
3.03
1.32
1.61
1.32
4.23
4.52
4.84
2.35
1.65
2.23
2.55
2.39
2.61
1.35
1.47
1.42
4.03
3.74
3.16
1.48
1.45
1.55
2.16
2.29
3.0
1.55
1.42
1.45
3.77
2.68
3.48
1.65
1.53
1.77
3.19
2.58
2.16
1.52
1.65
1.68
4.1
4.23
3.87
2.77
2.03
2.52
2.16
2.26
2.32
1.39
1.42
1.32
4.61
4.26
4.32
1.55
1.48
1.81