4.32
4.6
4.3
1.16
1.26
1.29
1.19
2.19
2.4
2.42
1.52
1.68
1.68
3.84
4.1
3.52
1.42
1.65
1.45
2.87
2.87
2.77
2.42
2.16
2.0
4.58
4.06
4.16
1.1
1.03
1.23
1.1
2.39
2.61
2.6
2.1
1.65
1.74
1.71
4.68
4.13
4.35
1.1
1.48
1.19
2.13
1.77
2.13
2.0
1.81
2.13
4.45
4.52
4.48
1.13
1.23
1.32
2.65
3.0
3.48
1.35
1.9
1.97
2.16
2.71
3.17
1.39
1.32
1.42
1.77
1.97
1.87
1.48
1.43
1.65
4.06
4.13
4.16
1.13
1.13
1.29
1.74
1.84
2.35
2.1
1.87
2.03
4.74
4.13
4.77
1.32
1.23
1.19
1.55
1.94
1.71
1.65
1.39
1.81