2.1
1.7
1.7
2.29
2.45
2.19
1.42
1.68
1.77
1.74
4.68
4.35
4.74
1.87
2.1
1.84
1.42
1.58
1.48
1.83
1.9
1.94
4.71
4.84
4.81
1.57
1.68
1.55
1.26
1.43
1.39
1.26
1.55
1.45
1.87
1.61
4.97
4.97
4.94
1.48
1.52
2.03
1.58
1.42
1.45
1.74
1.61
1.65
4.94
4.97
4.9
1.61
1.67
1.61
1.42
1.29
1.48
1.77
1.39
1.84
3.32
4.52
4.48
1.81
1.61
1.84
1.45
2.1
1.84
1.67
1.81
1.94
4.94
4.8
4.94
1.77
1.74
1.77
1.26
1.13
1.52
1.45
1.45
1.55
4.61
4.58
4.77
1.55
1.45
1.68
1.29
1.35
1.32
1.52
1.77
1.35
4.87
4.45
4.87