1.55
1.67
1.3
4.39
4.77
4.61
4.03
1.39
1.26
1.68
2.87
3.0
2.94
1.39
1.68
1.39
4.42
4.48
4.29
1.19
1.26
1.39
1.77
1.84
1.77
1.39
1.45
1.42
4.9
4.87
4.61
5.0
1.42
1.23
1.32
1.35
2.13
2.16
2.16
1.26
1.26
1.26
4.52
4.32
4.65
1.65
1.39
1.26
1.84
2.32
1.97
1.19
1.45
1.32
4.77
4.65
4.48
1.52
1.29
1.71
4.32
2.68
2.39
2.55
2.03
1.68
4.29
4.39
4.19
2.0
2.48
2.03
2.68
2.9
2.65
1.42
1.39
1.55
4.32
4.35
4.61
1.68
1.48
1.61
1.65
2.03
1.77
1.19
1.68
1.55
4.9
4.84
4.87
1.45
1.65
1.55
2.48
2.74
2.35